flowermd.base.simulation.Simulation.timestep flowermd.base.simulation.Simulation.tps md.compute.ThermodynamicQuantities.kinetic_temperature md.compute.ThermodynamicQuantities.potential_energy md.compute.ThermodynamicQuantities.kinetic_energy md.compute.ThermodynamicQuantities.volume md.compute.ThermodynamicQuantities.pressure md.pair.Ewald.energy md.pair.LJ.energy md.long_range.pppm.Coulomb.energy md.special_pair.Coulomb.energy md.special_pair.LJ.energy md.bond.Harmonic.energy md.angle.Harmonic.energy md.dihedral.OPLS.energy
                     0                                       0.00000                                        0.98792                                             2.74545e+04                                        1.33221e+03                                   7.71686e+04                                  0.01151                       -5.12737e+02       -1.61650e+02              -2.61300e+02                     -1.03772e+03                  951.91800                432.86925              2.32051e+04              4.83802e+03      
                    100                                     220.30549                                       13.29089                                            1.56823e+04                                        1.79228e+04                                   6.02472e+04                                  0.48085                       -6.88016e+02       -2.30211e+02              -2.64361e+02                     -1.14150e+03                 1.73262e+03              1.60996e+03             1.09297e+04              3.73411e+03      
                    200                                     290.34564                                       8.96589                                             2.35656e+04                                        1.20905e+04                                   4.58690e+04                                  0.42296                       -5.34147e+02       -3.10794e+02              -2.67456e+02                     -9.24527e+02                 2.57657e+03              3.34955e+03             1.45308e+04              5.14569e+03      
                    300                                     322.47523                                       15.18298                                            2.47606e+04                                        2.04742e+04                                   3.39823e+04                                  1.49457                       -5.97510e+02         184.05514               -2.68531e+02                     -8.88387e+02                 3.12194e+03              6.17712e+03             9.14451e+03              7.88736e+03      
                    400                                     339.19659                                       16.23754                                            3.82112e+04                                        2.18963e+04                                   2.43500e+04                                  2.83592                       -5.86337e+02        1.77183e+03              -2.71666e+02                     -7.02305e+02                 7.64284e+03              6.51511e+03             1.28735e+04              1.09682e+04      
                    500                                     344.55996                                       23.49142                                            4.99276e+04                                        3.16782e+04                                   1.67352e+04                                  4.87470                       -8.43705e+02        2.99225e+03              -2.71586e+02                     -7.35883e+02                 1.07654e+04              6.96545e+03             1.70426e+04              1.40131e+04      
                    600                                     345.26346                                       37.15941                                            6.11417e+04                                        5.01095e+04                                   1.09007e+04                                  9.97114                       -8.02561e+02        5.40961e+03              -2.73170e+02                     -6.51945e+02                 1.48483e+04              8.96665e+03             1.93930e+04              1.42518e+04      
                    700                                     341.92750                                       56.30216                                            7.54933e+04                                        7.59235e+04                                   6.60945e+03                                 22.26010                       -7.41914e+02        1.23501e+04              -2.74246e+02                     -6.79504e+02                 1.57057e+04              1.43451e+04             2.03379e+04              1.44502e+04      
                    800                                     334.69726                                       96.20562                                            8.27899e+04                                        1.29733e+05                                   3.62444e+03                                 55.34819                       -6.48847e+02        1.62445e+04              -2.76751e+02                     -6.51932e+02                 1.63480e+04              1.49595e+04             2.15980e+04              1.52174e+04      
                    900                                     322.23562                                      147.07590                                            8.53178e+04                                        1.98332e+05                                   1.70857e+03                                 142.88143                      -6.29151e+02        1.90014e+04              -2.77543e+02                     -7.42456e+02                 1.45208e+04              1.78119e+04             2.06560e+04              1.49769e+04      
                    1000                                    292.72512                                      222.82053                                            1.13627e+05                                        3.00473e+05                                    624.78705                                  687.88447                      -3.84914e+02        3.84246e+04              -2.78164e+02                     -8.07798e+02                 1.74293e+04              2.12836e+04             2.26859e+04              1.52749e+04      
                    1100                                    140.26871                                       1.50522                                             7.22562e+04                                        2.02978e+03                                    617.34919                                  213.06083                      -5.42425e+02        1.94904e+04              -2.78785e+02                     -8.09970e+02                 1.11040e+04              1.20902e+04             1.71069e+04              1.40959e+04      
                    1200                                    144.12935                                       0.56851                                             6.27240e+04                                         766.63632                                     617.34919                                  178.78484                      -5.50857e+02        1.64300e+04              -2.78930e+02                     -8.15348e+02                 9.37912e+03              9.70009e+03             1.51512e+04              1.37087e+04      
                    1300                                    141.68630                                       0.50628                                             5.63166e+04                                         682.71358                                     617.34919                                  159.02908                      -5.70357e+02        1.43290e+04              -2.79002e+02                     -8.17179e+02                 8.32424e+03              7.98201e+03             1.38065e+04              1.35414e+04      
                    1400                                    143.20817                                       0.51275                                             5.07022e+04                                         691.44593                                     617.34919                                  142.12269                      -6.35356e+02        1.25005e+04              -2.79119e+02                     -8.18695e+02                 7.45522e+03              6.56010e+03             1.24860e+04              1.34336e+04      
                    1500                                    143.95830                                       0.50477                                             4.57871e+04                                         680.68200                                     617.34919                                  126.69850                      -6.40246e+02        1.08684e+04              -2.79243e+02                     -8.22181e+02                 6.69261e+03              5.40850e+03             1.12322e+04              1.33270e+04      
                    1600                                    144.49044                                       0.52313                                             4.14386e+04                                         705.43647                                     617.34919                                  113.14852                      -6.54027e+02        9.44656e+03              -2.79415e+02                     -8.24071e+02                 5.99735e+03              4.43118e+03             1.00901e+04              1.32309e+04      
                    1700                                    145.10174                                       0.55266                                             3.76371e+04                                         745.26225                                     617.34919                                  101.29836                      -6.78819e+02        8.22022e+03              -2.79452e+02                     -8.30584e+02                 5.36444e+03              3.63971e+03             9.03908e+03              1.31625e+04      
                    1800                                    145.41095                                       0.59393                                             3.41814e+04                                         800.91701                                     617.34919                                  90.00018                       -6.90273e+02        7.07023e+03              -2.79496e+02                     -8.38013e+02                 4.76619e+03              2.97301e+03             8.10472e+03              1.30751e+04      
                    1900                                    145.86115                                       0.66743                                             3.10951e+04                                         900.02726                                     617.34919                                  79.85218                       -6.99228e+02        6.01963e+03              -2.79439e+02                     -8.44035e+02                 4.23709e+03              2.41786e+03             7.25588e+03              1.29873e+04      
                    2000                                    146.17318                                       0.76612                                             2.81630e+04                                        1.03312e+03                                    617.34919                                  70.28178                       -7.29236e+02        5.04321e+03              -2.79370e+02                     -8.50840e+02                 3.74625e+03              1.94244e+03             6.43022e+03              1.28603e+04      
                    2100                                    146.33472                                       0.83532                                             2.54499e+04                                        1.12643e+03                                    617.34919                                  61.37514                       -7.22527e+02        4.16461e+03              -2.79203e+02                     -8.57268e+02                 3.30185e+03              1.52152e+03             5.67026e+03              1.26507e+04      
                    2200                                    146.79203                                       0.86862                                             2.30127e+04                                        1.17133e+03                                    617.34919                                  54.05745                       -7.51553e+02        3.41033e+03              -2.79035e+02                     -8.64682e+02                 2.92790e+03              1.19845e+03             4.93337e+03              1.24379e+04      
                    2300                                    146.98783                                       0.89557                                             2.07617e+04                                        1.20767e+03                                    617.34919                                  47.21525                       -7.59862e+02        2.74430e+03              -2.78860e+02                     -8.71854e+02                 2.61810e+03               920.81229              4.30318e+03              1.20859e+04      
                    2400                                    147.22850                                       0.88030                                             1.88533e+04                                        1.18709e+03                                    617.34919                                  41.89232                       -7.72525e+02        2.24157e+03              -2.78631e+02                     -8.84215e+02                 2.36149e+03               725.56043              3.74701e+03              1.17130e+04      
                    2500                                    147.36854                                       0.90639                                             1.71663e+04                                        1.22226e+03                                    617.34919                                  37.28990                       -7.71363e+02        1.77805e+03              -2.78415e+02                     -8.90035e+02                 2.15801e+03               580.22644              3.34121e+03              1.12486e+04      
                    2600                                    147.56467                                       0.94926                                             1.56180e+04                                        1.28008e+03                                    617.34919                                  33.12981                       -7.57210e+02        1.39996e+03              -2.78187e+02                     -8.97354e+02                 1.97912e+03               455.97620              2.95530e+03              1.07604e+04      
                    2700                                    147.68411                                       0.99847                                             1.39776e+04                                        1.34643e+03                                    617.34919                                  28.61178                       -8.27665e+02        1.03848e+03              -2.77943e+02                     -9.00398e+02                 1.80170e+03               382.58000              2.53191e+03              1.02289e+04      
                    2800                                    147.96007                                       0.92171                                             1.27275e+04                                        1.24293e+03                                    617.34919                                  25.70308                       -7.62952e+02         801.05797               -2.77626e+02                     -9.04101e+02                 1.68537e+03               327.15897              2.15643e+03              9.70212e+03      
                    2900                                    148.19380                                       0.87352                                             1.16185e+04                                        1.17795e+03                                    617.34919                                  22.26788                       -8.06964e+02         578.73066               -2.77431e+02                     -9.04713e+02                 1.59151e+03               297.11301              1.90920e+03              9.23108e+03      
                    3000                                    148.42410                                       0.96464                                             1.05560e+04                                        1.30082e+03                                    617.34919                                  20.22941                       -8.74595e+02         436.21911               -2.77535e+02                     -9.06178e+02                 1.51591e+03               278.09414              1.65117e+03              8.73289e+03      
